timestamp,product_name,session_id,user_message,bot_response,sources_used,prompt_style,message_length,response_length,sources_count,satisfaction,session_duration
2025-09-11 17:14:05,Cloud,Cloud_20250911_171405,こんにちは。アメリカの大統領は誰ですか,申し訳ございませんが、Cloudに関する情報が見つかりませんでした。管理画面から関連文書を追加してください。,,business,19,54,0,満足,0.0
2025-09-11 17:14:25,Cloud,Cloud_20250911_171405,Cloudってなんですか,申し訳ございませんが、Cloudに関する情報が見つかりませんでした。管理画面から関連文書を追加してください。,,business,12,54,0,満足,0.0
2025-09-11 17:25:41,Gene,Gene_20250911_172541,Geneって何ですか,申し訳ございませんが、Geneに関する情報が見つかりませんでした。管理画面から関連文書を追加してください。,,general,10,53,0,,
